id,track_id,track_artist,artist_clean,track_name_hp,track_name_clean,artist_track_key,energy_hp,tempo_hp,danceability_hp,playlist_genre,loudness_hp,liveness_hp,valence_hp,time_signature_hp,speechiness_hp,popularity_hp,track_href,uri,track_album_name,track_album_release_date,instrumentalness_hp,track_album_id,mode_hp,key_hp,duration_ms_hp,acousticness_hp,type,Archive,Column,artists,artists_clean,album_name,track_name_sp,track_clean,popularity_sp,duration_ms_sp,explicit,danceability_sp,energy_sp,key_sp,loudness_sp,mode_sp,speechiness_sp,acousticness_sp,instrumentalness_sp,liveness_sp,valence_sp,tempo_sp,time_signature_sp,track_genre,release_date_parsed,release_year_hp,years_since_release,popularity_difference
40riOy7x9W7GXjyGp4pjAv,40riOy7x9W7GXjyGp4pjAv,eagles,eagles,hotel california - 2013 remaster,hotel california  2013 remaster,eagles_hotel california  2013 remaster,0.508,147.125,0.579,rock,-9.484,0.0575,0.609,4,0.027,81,https://api.spotify.com/v1/tracks/40riOy7x9W7GXjyGp4pjAv,spotify:track:40riOy7x9W7GXjyGp4pjAv,Hotel California (2013 Remaster),1976-12-08T00:00:00Z,0.000494,2widuo17g5CEC66IbzveRu,1,2,391376,0.00574,audio_features,spotifytracksdataset.zip,19100,eagles,eagles,hotel california (2013 remaster),hotel california - 2013 remaster,hotel california 2013 remaster,84,391376,False,0.579,0.508,2,-9.484,1,0.027,0.00574,0.000494,0.0575,0.609,147,4,country,1976-12-08 00:00:00+00:00,1976,47,-3
40riOy7x9W7GXjyGp4pjAv,40riOy7x9W7GXjyGp4pjAv,eagles,eagles,hotel california - 2013 remaster,hotel california  2013 remaster,eagles_hotel california  2013 remaster,0.508,147.125,0.579,rock,-9.484,0.0575,0.609,4,0.027,81,https://api.spotify.com/v1/tracks/40riOy7x9W7GXjyGp4pjAv,spotify:track:40riOy7x9W7GXjyGp4pjAv,Hotel California (2013 Remaster),1976-12-08T00:00:00Z,0.000494,2widuo17g5CEC66IbzveRu,1,2,391376,0.00574,audio_features,spotifytracksdataset.zip,34067,eagles,eagles,hotel california (2013 remaster),hotel california - 2013 remaster,hotel california 2013 remaster,84,391376,False,0.579,0.508,2,-9.484,1,0.027,0.00574,0.000494,0.0575,0.609,147,4,folk,1976-12-08 00:00:00+00:00,1976,47,-3
40riOy7x9W7GXjyGp4pjAv,40riOy7x9W7GXjyGp4pjAv,eagles,eagles,hotel california - 2013 remaster,hotel california  2013 remaster,eagles_hotel california  2013 remaster,0.508,147.125,0.579,rock,-9.484,0.0575,0.609,4,0.027,81,https://api.spotify.com/v1/tracks/40riOy7x9W7GXjyGp4pjAv,spotify:track:40riOy7x9W7GXjyGp4pjAv,Hotel California (2013 Remaster),1976-12-08T00:00:00Z,0.000494,2widuo17g5CEC66IbzveRu,1,2,391376,0.00574,audio_features,spotifytracksdataset.zip,91203,eagles,eagles,hotel california (2013 remaster),hotel california - 2013 remaster,hotel california 2013 remaster,84,391376,False,0.579,0.508,2,-9.484,1,0.027,0.00574,0.000494,0.0575,0.609,147,4,rock,1976-12-08 00:00:00+00:00,1976,47,-3
40riOy7x9W7GXjyGp4pjAv,40riOy7x9W7GXjyGp4pjAv,eagles,eagles,hotel california - 2013 remaster,hotel california  2013 remaster,eagles_hotel california  2013 remaster,0.508,147.125,0.579,rock,-9.484,0.0575,0.609,4,0.027,81,https://api.spotify.com/v1/tracks/40riOy7x9W7GXjyGp4pjAv,spotify:track:40riOy7x9W7GXjyGp4pjAv,Hotel California (2013 Remaster),1976-12-08T00:00:00Z,0.000494,2widuo17g5CEC66IbzveRu,1,2,391376,0.00574,audio_features,spotifytracksdataset.zip,99083,eagles,eagles,hotel california (2013 remaster),hotel california - 2013 remaster,hotel california 2013 remaster,84,391376,False,0.579,0.508,2,-9.484,1,0.027,0.00574,0.000494,0.0575,0.609,147,4,singer-songwriter,1976-12-08 00:00:00+00:00,1976,47,-3
40riOy7x9W7GXjyGp4pjAv,40riOy7x9W7GXjyGp4pjAv,eagles,eagles,hotel california - 2013 remaster,hotel california  2013 remaster,eagles_hotel california  2013 remaster,0.508,147.125,0.579,rock,-9.484,0.0575,0.609,4,0.027,81,https://api.spotify.com/v1/tracks/40riOy7x9W7GXjyGp4pjAv,spotify:track:40riOy7x9W7GXjyGp4pjAv,Hotel California (2013 Remaster),1976-12-08T00:00:00Z,0.000494,2widuo17g5CEC66IbzveRu,1,2,391376,0.00574,audio_features,spotifytracksdataset.zip,102086,eagles,eagles,hotel california (2013 remaster),hotel california - 2013 remaster,hotel california 2013 remaster,84,391376,False,0.579,0.508,2,-9.484,1,0.027,0.00574,0.000494,0.0575,0.609,147,4,songwriter,1976-12-08 00:00:00+00:00,1976,47,-3
57bgtoPSgt236HzfBOd8kj,57bgtoPSgt236HzfBOd8kj,ac/dc,acdc,thunderstruck,thunderstruck,acdc_thunderstruck,0.89,133.52,0.502,rock,-5.175,0.217,0.259,4,0.0364,83,https://api.spotify.com/v1/tracks/57bgtoPSgt236HzfBOd8kj,spotify:track:57bgtoPSgt236HzfBOd8kj,The Razors Edge,1990-09-24T00:00:00Z,0.0117,4vu7F6h90Br1ZtYYaqfITy,1,4,292880,0.000147,audio_features,spotifytracksdataset.zip,47005,ac/dc,acdc,the razors edge,thunderstruck,thunderstruck,84,292880,False,0.502,0.89,4,-5.175,1,0.0364,0.000147,0.0117,0.217,0.259,134,4,hard-rock,1990-09-24 00:00:00+00:00,1990,33,-1
57bgtoPSgt236HzfBOd8kj,57bgtoPSgt236HzfBOd8kj,ac/dc,acdc,thunderstruck,thunderstruck,acdc_thunderstruck,0.89,133.52,0.502,rock,-5.175,0.217,0.259,4,0.0364,83,https://api.spotify.com/v1/tracks/57bgtoPSgt236HzfBOd8kj,spotify:track:57bgtoPSgt236HzfBOd8kj,The Razors Edge,1990-09-24T00:00:00Z,0.0117,4vu7F6h90Br1ZtYYaqfITy,1,4,292880,0.000147,audio_features,spotifytracksdataset.zip,91513,ac/dc,acdc,the razors edge,thunderstruck,thunderstruck,84,292880,False,0.502,0.89,4,-5.175,1,0.0364,0.000147,0.0117,0.217,0.259,134,4,rock,1990-09-24 00:00:00+00:00,1990,33,-1
3dPQuX8Gs42Y7b454ybpMR,3dPQuX8Gs42Y7b454ybpMR,the white stripes,the white stripes,seven nation army,seven nation army,the white stripes_seven nation army,0.446,123.596,0.743,rock,-7.807,0.337,0.278,4,0.0683,82,https://api.spotify.com/v1/tracks/3dPQuX8Gs42Y7b454ybpMR,spotify:track:3dPQuX8Gs42Y7b454ybpMR,Elephant,2003-04-01T00:00:00Z,0.118,6D9urpsOWWKtYvF6PaorGE,0,4,232107,0.0039,audio_features,spotifytracksdataset.zip,2057,the white stripes,the white stripes,elephant,seven nation army,seven nation army,84,232106,False,0.743,0.446,4,-7.807,0,0.0683,0.0039,0.118,0.337,0.278,124,4,alt-rock,2003-04-01 00:00:00+00:00,2003,20,-2
3dPQuX8Gs42Y7b454ybpMR,3dPQuX8Gs42Y7b454ybpMR,the white stripes,the white stripes,seven nation army,seven nation army,the white stripes_seven nation army,0.446,123.596,0.743,rock,-7.807,0.337,0.278,4,0.0683,82,https://api.spotify.com/v1/tracks/3dPQuX8Gs42Y7b454ybpMR,spotify:track:3dPQuX8Gs42Y7b454ybpMR,Elephant,2003-04-01T00:00:00Z,0.118,6D9urpsOWWKtYvF6PaorGE,0,4,232107,0.0039,audio_features,spotifytracksdataset.zip,3217,the white stripes,the white stripes,elephant,seven nation army,seven nation army,84,232106,False,0.743,0.446,4,-7.807,0,0.0683,0.0039,0.118,0.337,0.278,124,4,alternative,2003-04-01 00:00:00+00:00,2003,20,-2
3dPQuX8Gs42Y7b454ybpMR,3dPQuX8Gs42Y7b454ybpMR,the white stripes,the white stripes,seven nation army,seven nation army,the white stripes_seven nation army,0.446,123.596,0.743,rock,-7.807,0.337,0.278,4,0.0683,82,https://api.spotify.com/v1/tracks/3dPQuX8Gs42Y7b454ybpMR,spotify:track:3dPQuX8Gs42Y7b454ybpMR,Elephant,2003-04-01T00:00:00Z,0.118,6D9urpsOWWKtYvF6PaorGE,0,4,232107,0.0039,audio_features,spotifytracksdataset.zip,8003,the white stripes,the white stripes,elephant,seven nation army,seven nation army,84,232106,False,0.743,0.446,4,-7.807,0,0.0683,0.0039,0.118,0.337,0.278,124,4,blues,2003-04-01 00:00:00+00:00,2003,20,-2
3dPQuX8Gs42Y7b454ybpMR,3dPQuX8Gs42Y7b454ybpMR,the white stripes,the white stripes,seven nation army,seven nation army,the white stripes_seven nation army,0.446,123.596,0.743,rock,-7.807,0.337,0.278,4,0.0683,82,https://api.spotify.com/v1/tracks/3dPQuX8Gs42Y7b454ybpMR,spotify:track:3dPQuX8Gs42Y7b454ybpMR,Elephant,2003-04-01T00:00:00Z,0.118,6D9urpsOWWKtYvF6PaorGE,0,4,232107,0.0039,audio_features,spotifytracksdataset.zip,91514,the white stripes,the white stripes,elephant,seven nation army,seven nation army,84,232106,False,0.743,0.446,4,-7.807,0,0.0683,0.0039,0.118,0.337,0.278,124,4,rock,2003-04-01 00:00:00+00:00,2003,20,-2
70LcF31zb1H0PyJoS1Sx1r,70LcF31zb1H0PyJoS1Sx1r,radiohead,radiohead,creep,creep,radiohead_creep,0.43,91.844,0.515,rock,-9.935,0.129,0.104,4,0.0372,86,https://api.spotify.com/v1/tracks/70LcF31zb1H0PyJoS1Sx1r,spotify:track:70LcF31zb1H0PyJoS1Sx1r,Pablo Honey,1993-02-22T00:00:00Z,0.000133,3gBVdu4a1MMJVMy6vwPEb8,1,7,238640,0.0097,audio_features,spotifytracksdataset.zip,2053,radiohead,radiohead,pablo honey,creep,creep,85,238640,True,0.515,0.43,7,-9.935,1,0.0372,0.0097,0.000133,0.129,0.104,92,4,alt-rock,1993-02-22 00:00:00+00:00,1993,30,1
70LcF31zb1H0PyJoS1Sx1r,70LcF31zb1H0PyJoS1Sx1r,radiohead,radiohead,creep,creep,radiohead_creep,0.43,91.844,0.515,rock,-9.935,0.129,0.104,4,0.0372,86,https://api.spotify.com/v1/tracks/70LcF31zb1H0PyJoS1Sx1r,spotify:track:70LcF31zb1H0PyJoS1Sx1r,Pablo Honey,1993-02-22T00:00:00Z,0.000133,3gBVdu4a1MMJVMy6vwPEb8,1,7,238640,0.0097,audio_features,spotifytracksdataset.zip,3154,radiohead,radiohead,pablo honey,creep,creep,85,238640,True,0.515,0.43,7,-9.935,1,0.0372,0.0097,0.000133,0.129,0.104,92,4,alternative,1993-02-22 00:00:00+00:00,1993,30,1
70LcF31zb1H0PyJoS1Sx1r,70LcF31zb1H0PyJoS1Sx1r,radiohead,radiohead,creep,creep,radiohead_creep,0.43,91.844,0.515,rock,-9.935,0.129,0.104,4,0.0372,86,https://api.spotify.com/v1/tracks/70LcF31zb1H0PyJoS1Sx1r,spotify:track:70LcF31zb1H0PyJoS1Sx1r,Pablo Honey,1993-02-22T00:00:00Z,0.000133,3gBVdu4a1MMJVMy6vwPEb8,1,7,238640,0.0097,audio_features,spotifytracksdataset.zip,57412,radiohead,radiohead,pablo honey,creep,creep,85,238640,True,0.515,0.43,7,-9.935,1,0.0372,0.0097,0.000133,0.129,0.104,92,4,indie,1993-02-22 00:00:00+00:00,1993,30,1
70LcF31zb1H0PyJoS1Sx1r,70LcF31zb1H0PyJoS1Sx1r,radiohead,radiohead,creep,creep,radiohead_creep,0.43,91.844,0.515,rock,-9.935,0.129,0.104,4,0.0372,86,https://api.spotify.com/v1/tracks/70LcF31zb1H0PyJoS1Sx1r,spotify:track:70LcF31zb1H0PyJoS1Sx1r,Pablo Honey,1993-02-22T00:00:00Z,0.000133,3gBVdu4a1MMJVMy6vwPEb8,1,7,238640,0.0097,audio_features,spotifytracksdataset.zip,91453,radiohead,radiohead,pablo honey,creep,creep,85,238640,True,0.515,0.43,7,-9.935,1,0.0372,0.0097,0.000133,0.129,0.104,92,4,rock,1993-02-22 00:00:00+00:00,1993,30,1
48UPSzbZjgc449aqz8bxox,48UPSzbZjgc449aqz8bxox,red hot chili peppers,red hot chili peppers,californication,californication,red hot chili peppers_californication,0.767,96.483,0.592,rock,-2.788,0.127,0.328,4,0.027,81,https://api.spotify.com/v1/tracks/48UPSzbZjgc449aqz8bxox,spotify:track:48UPSzbZjgc449aqz8bxox,Californication (Deluxe Edition),1999-06-08T00:00:00Z,0.00165,2Y9IRtehByVkegoD7TcLfi,0,9,329733,0.0021,audio_features,spotifytracksdataset.zip,2105,red hot chili peppers,red hot chili peppers,californication (deluxe edition),californication,californication,82,329733,False,0.592,0.767,9,-2.788,0,0.027,0.0021,0.00165,0.127,0.328,96,4,alt-rock,1999-06-08 00:00:00+00:00,1999,24,-1
48UPSzbZjgc449aqz8bxox,48UPSzbZjgc449aqz8bxox,red hot chili peppers,red hot chili peppers,californication,californication,red hot chili peppers_californication,0.767,96.483,0.592,rock,-2.788,0.127,0.328,4,0.027,81,https://api.spotify.com/v1/tracks/48UPSzbZjgc449aqz8bxox,spotify:track:48UPSzbZjgc449aqz8bxox,Californication (Deluxe Edition),1999-06-08T00:00:00Z,0.00165,2Y9IRtehByVkegoD7TcLfi,0,9,329733,0.0021,audio_features,spotifytracksdataset.zip,3216,red hot chili peppers,red hot chili peppers,californication (deluxe edition),californication,californication,82,329733,False,0.592,0.767,9,-2.788,0,0.027,0.0021,0.00165,0.127,0.328,96,4,alternative,1999-06-08 00:00:00+00:00,1999,24,-1
48UPSzbZjgc449aqz8bxox,48UPSzbZjgc449aqz8bxox,red hot chili peppers,red hot chili peppers,californication,californication,red hot chili peppers_californication,0.767,96.483,0.592,rock,-2.788,0.127,0.328,4,0.027,81,https://api.spotify.com/v1/tracks/48UPSzbZjgc449aqz8bxox,spotify:track:48UPSzbZjgc449aqz8bxox,Californication (Deluxe Edition),1999-06-08T00:00:00Z,0.00165,2Y9IRtehByVkegoD7TcLfi,0,9,329733,0.0021,audio_features,spotifytracksdataset.zip,37154,red hot chili peppers,red hot chili peppers,californication (deluxe edition),californication,californication,82,329733,False,0.592,0.767,9,-2.788,0,0.027,0.0021,0.00165,0.127,0.328,96,4,funk,1999-06-08 00:00:00+00:00,1999,24,-1
48UPSzbZjgc449aqz8bxox,48UPSzbZjgc449aqz8bxox,red hot chili peppers,red hot chili peppers,californication,californication,red hot chili peppers_californication,0.767,96.483,0.592,rock,-2.788,0.127,0.328,4,0.027,81,https://api.spotify.com/v1/tracks/48UPSzbZjgc449aqz8bxox,spotify:track:48UPSzbZjgc449aqz8bxox,Californication (Deluxe Edition),1999-06-08T00:00:00Z,0.00165,2Y9IRtehByVkegoD7TcLfi,0,9,329733,0.0021,audio_features,spotifytracksdataset.zip,71155,red hot chili peppers,red hot chili peppers,californication (deluxe edition),californication,californication,82,329733,False,0.592,0.767,9,-2.788,0,0.027,0.0021,0.00165,0.127,0.328,96,4,metal,1999-06-08 00:00:00+00:00,1999,24,-1
48UPSzbZjgc449aqz8bxox,48UPSzbZjgc449aqz8bxox,red hot chili peppers,red hot chili peppers,californication,californication,red hot chili peppers_californication,0.767,96.483,0.592,rock,-2.788,0.127,0.328,4,0.027,81,https://api.spotify.com/v1/tracks/48UPSzbZjgc449aqz8bxox,spotify:track:48UPSzbZjgc449aqz8bxox,Californication (Deluxe Edition),1999-06-08T00:00:00Z,0.00165,2Y9IRtehByVkegoD7TcLfi,0,9,329733,0.0021,audio_features,spotifytracksdataset.zip,91755,red hot chili peppers,red hot chili peppers,californication (deluxe edition),californication,californication,82,329733,False,0.592,0.767,9,-2.788,0,0.027,0.0021,0.00165,0.127,0.328,96,4,rock,1999-06-08 00:00:00+00:00,1999,24,-1
48UPSzbZjgc449aqz8bxox,48UPSzbZjgc449aqz8bxox,red hot chili peppers,red hot chili peppers,californication,californication,red hot chili peppers_californication,0.767,96.483,0.592,rock,-2.788,0.127,0.328,4,0.027,81,https://api.spotify.com/v1/tracks/48UPSzbZjgc449aqz8bxox,spotify:track:48UPSzbZjgc449aqz8bxox,Californication (Deluxe Edition),1999-06-08T00:00:00Z,0.00165,2Y9IRtehByVkegoD7TcLfi,0,9,329733,0.0021,audio_features,spotifytracksdataset.zip,2105,red hot chili peppers,red hot chili peppers,californication (deluxe edition),californication,californication,82,329733,False,0.592,0.767,9,-2.788,0,0.027,0.0021,0.00165,0.127,0.328,96,4,alt-rock,1999-06-08 00:00:00+00:00,1999,24,-1
48UPSzbZjgc449aqz8bxox,48UPSzbZjgc449aqz8bxox,red hot chili peppers,red hot chili peppers,californication,californication,red hot chili peppers_californication,0.767,96.483,0.592,rock,-2.788,0.127,0.328,4,0.027,81,https://api.spotify.com/v1/tracks/48UPSzbZjgc449aqz8bxox,spotify:track:48UPSzbZjgc449aqz8bxox,Californication (Deluxe Edition),1999-06-08T00:00:00Z,0.00165,2Y9IRtehByVkegoD7TcLfi,0,9,329733,0.0021,audio_features,spotifytracksdataset.zip,3216,red hot chili peppers,red hot chili peppers,californication (deluxe edition),californication,californication,82,329733,False,0.592,0.767,9,-2.788,0,0.027,0.0021,0.00165,0.127,0.328,96,4,alternative,1999-06-08 00:00:00+00:00,1999,24,-1
48UPSzbZjgc449aqz8bxox,48UPSzbZjgc449aqz8bxox,red hot chili peppers,red hot chili peppers,californication,californication,red hot chili peppers_californication,0.767,96.483,0.592,rock,-2.788,0.127,0.328,4,0.027,81,https://api.spotify.com/v1/tracks/48UPSzbZjgc449aqz8bxox,spotify:track:48UPSzbZjgc449aqz8bxox,Californication (Deluxe Edition),1999-06-08T00:00:00Z,0.00165,2Y9IRtehByVkegoD7TcLfi,0,9,329733,0.0021,audio_features,spotifytracksdataset.zip,37154,red hot chili peppers,red hot chili peppers,californication (deluxe edition),californication,californication,82,329733,False,0.592,0.767,9,-2.788,0,0.027,0.0021,0.00165,0.127,0.328,96,4,funk,1999-06-08 00:00:00+00:00,1999,24,-1
48UPSzbZjgc449aqz8bxox,48UPSzbZjgc449aqz8bxox,red hot chili peppers,red hot chili peppers,californication,californication,red hot chili peppers_californication,0.767,96.483,0.592,rock,-2.788,0.127,0.328,4,0.027,81,https://api.spotify.com/v1/tracks/48UPSzbZjgc449aqz8bxox,spotify:track:48UPSzbZjgc449aqz8bxox,Californication (Deluxe Edition),1999-06-08T00:00:00Z,0.00165,2Y9IRtehByVkegoD7TcLfi,0,9,329733,0.0021,audio_features,spotifytracksdataset.zip,71155,red hot chili peppers,red hot chili peppers,californication (deluxe edition),californication,californication,82,329733,False,0.592,0.767,9,-2.788,0,0.027,0.0021,0.00165,0.127,0.328,96,4,metal,1999-06-08 00:00:00+00:00,1999,24,-1
48UPSzbZjgc449aqz8bxox,48UPSzbZjgc449aqz8bxox,red hot chili peppers,red hot chili peppers,californication,californication,red hot chili peppers_californication,0.767,96.483,0.592,rock,-2.788,0.127,0.328,4,0.027,81,https://api.spotify.com/v1/tracks/48UPSzbZjgc449aqz8bxox,spotify:track:48UPSzbZjgc449aqz8bxox,Californication (Deluxe Edition),1999-06-08T00:00:00Z,0.00165,2Y9IRtehByVkegoD7TcLfi,0,9,329733,0.0021,audio_features,spotifytracksdataset.zip,91755,red hot chili peppers,red hot chili peppers,californication (deluxe edition),californication,californication,82,329733,False,0.592,0.767,9,-2.788,0,0.027,0.0021,0.00165,0.127,0.328,96,4,rock,1999-06-08 00:00:00+00:00,1999,24,-1
7snQQk1zcKl8gZ92AnueZW,7snQQk1zcKl8gZ92AnueZW,guns n' roses,guns n roses,sweet child o' mine,sweet child o mine,guns n roses_sweet child o mine,0.952,125.304,0.445,rock,-5.321,0.112,0.624,4,0.0522,84,https://api.spotify.com/v1/tracks/7snQQk1zcKl8gZ92AnueZW,spotify:track:7snQQk1zcKl8gZ92AnueZW,Appetite For Destruction,1987-07-21T00:00:00Z,0.0843,28yHV3Gdg30AiB8h8em1eW,1,6,356067,0.09,audio_features,spotifytracksdataset.zip,47055,guns n' roses,guns n roses,appetite for destruction,sweet child o' mine,sweet child o mine,79,356066,True,0.446,0.952,6,-5.321,1,0.0523,0.0901,0.0857,0.112,0.624,125,4,hard-rock,1987-07-21 00:00:00+00:00,1987,36,5
7snQQk1zcKl8gZ92AnueZW,7snQQk1zcKl8gZ92AnueZW,guns n' roses,guns n roses,sweet child o' mine,sweet child o mine,guns n roses_sweet child o mine,0.952,125.304,0.445,rock,-5.321,0.112,0.624,4,0.0522,84,https://api.spotify.com/v1/tracks/7snQQk1zcKl8gZ92AnueZW,spotify:track:7snQQk1zcKl8gZ92AnueZW,Appetite For Destruction,1987-07-21T00:00:00Z,0.0843,28yHV3Gdg30AiB8h8em1eW,1,6,356067,0.09,audio_features,spotifytracksdataset.zip,71206,guns n' roses,guns n roses,appetite for destruction,sweet child o' mine,sweet child o mine,79,356066,True,0.446,0.952,6,-5.321,1,0.0523,0.0901,0.0857,0.112,0.624,125,4,metal,1987-07-21 00:00:00+00:00,1987,36,5
63T7DJ1AFDD6Bn8VzG6JE8,63T7DJ1AFDD6Bn8VzG6JE8,the rolling stones,the rolling stones,"paint it, black",paint it black,the rolling stones_paint it black,0.795,158.691,0.464,rock,-9.267,0.399,0.612,4,0.0926,81,https://api.spotify.com/v1/tracks/63T7DJ1AFDD6Bn8VzG6JE8,spotify:track:63T7DJ1AFDD6Bn8VzG6JE8,Aftermath,1966-04-15T00:00:00Z,0.00244,72qrnM4yUNMDDlWiqKc8iY,1,1,202267,0.0493,audio_features,spotifytracksdataset.zip,11064,the rolling stones,the rolling stones,aftermath,"paint it, black",paint it black,80,202266,False,0.464,0.795,1,-9.267,1,0.0926,0.0493,0.00244,0.399,0.612,159,4,british,1966-04-15 00:00:00+00:00,1966,57,1
5UWwZ5lm5PKu6eKsHAGxOk,5UWwZ5lm5PKu6eKsHAGxOk,foo fighters,foo fighters,everlong,everlong,foo fighters_everlong,0.881,158.066,0.413,rock,-5.541,0.0805,0.364,4,0.0367,81,https://api.spotify.com/v1/tracks/5UWwZ5lm5PKu6eKsHAGxOk,spotify:track:5UWwZ5lm5PKu6eKsHAGxOk,The Colour And The Shape,1997-05-20T00:00:00Z,0.000308,30ly6F6Xl0TKmyBCU50Khv,0,11,250547,5.99e-05,audio_features,spotifytracksdataset.zip,2367,foo fighters,foo fighters,the colour and the shape,everlong,everlong,84,250546,False,0.413,0.881,11,-5.541,0,0.0367,5.99e-05,0.000308,0.0805,0.364,158,4,alt-rock,1997-05-20 00:00:00+00:00,1997,26,-3
5UWwZ5lm5PKu6eKsHAGxOk,5UWwZ5lm5PKu6eKsHAGxOk,foo fighters,foo fighters,everlong,everlong,foo fighters_everlong,0.881,158.066,0.413,rock,-5.541,0.0805,0.364,4,0.0367,81,https://api.spotify.com/v1/tracks/5UWwZ5lm5PKu6eKsHAGxOk,spotify:track:5UWwZ5lm5PKu6eKsHAGxOk,The Colour And The Shape,1997-05-20T00:00:00Z,0.000308,30ly6F6Xl0TKmyBCU50Khv,0,11,250547,5.99e-05,audio_features,spotifytracksdataset.zip,3569,foo fighters,foo fighters,the colour and the shape,everlong,everlong,84,250546,False,0.413,0.881,11,-5.541,0,0.0367,5.99e-05,0.000308,0.0805,0.364,158,4,alternative,1997-05-20 00:00:00+00:00,1997,26,-3
5UWwZ5lm5PKu6eKsHAGxOk,5UWwZ5lm5PKu6eKsHAGxOk,foo fighters,foo fighters,everlong,everlong,foo fighters_everlong,0.881,158.066,0.413,rock,-5.541,0.0805,0.364,4,0.0367,81,https://api.spotify.com/v1/tracks/5UWwZ5lm5PKu6eKsHAGxOk,spotify:track:5UWwZ5lm5PKu6eKsHAGxOk,The Colour And The Shape,1997-05-20T00:00:00Z,0.000308,30ly6F6Xl0TKmyBCU50Khv,0,11,250547,5.99e-05,audio_features,spotifytracksdataset.zip,44074,foo fighters,foo fighters,the colour and the shape,everlong,everlong,84,250546,False,0.413,0.881,11,-5.541,0,0.0367,5.99e-05,0.000308,0.0805,0.364,158,4,grunge,1997-05-20 00:00:00+00:00,1997,26,-3
5UWwZ5lm5PKu6eKsHAGxOk,5UWwZ5lm5PKu6eKsHAGxOk,foo fighters,foo fighters,everlong,everlong,foo fighters_everlong,0.881,158.066,0.413,rock,-5.541,0.0805,0.364,4,0.0367,81,https://api.spotify.com/v1/tracks/5UWwZ5lm5PKu6eKsHAGxOk,spotify:track:5UWwZ5lm5PKu6eKsHAGxOk,The Colour And The Shape,1997-05-20T00:00:00Z,0.000308,30ly6F6Xl0TKmyBCU50Khv,0,11,250547,5.99e-05,audio_features,spotifytracksdataset.zip,71322,foo fighters,foo fighters,the colour and the shape,everlong,everlong,84,250546,False,0.413,0.881,11,-5.541,0,0.0367,5.99e-05,0.000308,0.0805,0.364,158,4,metal,1997-05-20 00:00:00+00:00,1997,26,-3
5UWwZ5lm5PKu6eKsHAGxOk,5UWwZ5lm5PKu6eKsHAGxOk,foo fighters,foo fighters,everlong,everlong,foo fighters_everlong,0.881,158.066,0.413,rock,-5.541,0.0805,0.364,4,0.0367,81,https://api.spotify.com/v1/tracks/5UWwZ5lm5PKu6eKsHAGxOk,spotify:track:5UWwZ5lm5PKu6eKsHAGxOk,The Colour And The Shape,1997-05-20T00:00:00Z,0.000308,30ly6F6Xl0TKmyBCU50Khv,0,11,250547,5.99e-05,audio_features,spotifytracksdataset.zip,2367,foo fighters,foo fighters,the colour and the shape,everlong,everlong,84,250546,False,0.413,0.881,11,-5.541,0,0.0367,5.99e-05,0.000308,0.0805,0.364,158,4,alt-rock,1997-05-20 00:00:00+00:00,1997,26,-3
5UWwZ5lm5PKu6eKsHAGxOk,5UWwZ5lm5PKu6eKsHAGxOk,foo fighters,foo fighters,everlong,everlong,foo fighters_everlong,0.881,158.066,0.413,rock,-5.541,0.0805,0.364,4,0.0367,81,https://api.spotify.com/v1/tracks/5UWwZ5lm5PKu6eKsHAGxOk,spotify:track:5UWwZ5lm5PKu6eKsHAGxOk,The Colour And The Shape,1997-05-20T00:00:00Z,0.000308,30ly6F6Xl0TKmyBCU50Khv,0,11,250547,5.99e-05,audio_features,spotifytracksdataset.zip,3569,foo fighters,foo fighters,the colour and the shape,everlong,everlong,84,250546,False,0.413,0.881,11,-5.541,0,0.0367,5.99e-05,0.000308,0.0805,0.364,158,4,alternative,1997-05-20 00:00:00+00:00,1997,26,-3
5UWwZ5lm5PKu6eKsHAGxOk,5UWwZ5lm5PKu6eKsHAGxOk,foo fighters,foo fighters,everlong,everlong,foo fighters_everlong,0.881,158.066,0.413,rock,-5.541,0.0805,0.364,4,0.0367,81,https://api.spotify.com/v1/tracks/5UWwZ5lm5PKu6eKsHAGxOk,spotify:track:5UWwZ5lm5PKu6eKsHAGxOk,The Colour And The Shape,1997-05-20T00:00:00Z,0.000308,30ly6F6Xl0TKmyBCU50Khv,0,11,250547,5.99e-05,audio_features,spotifytracksdataset.zip,44074,foo fighters,foo fighters,the colour and the shape,everlong,everlong,84,250546,False,0.413,0.881,11,-5.541,0,0.0367,5.99e-05,0.000308,0.0805,0.364,158,4,grunge,1997-05-20 00:00:00+00:00,1997,26,-3
5UWwZ5lm5PKu6eKsHAGxOk,5UWwZ5lm5PKu6eKsHAGxOk,foo fighters,foo fighters,everlong,everlong,foo fighters_everlong,0.881,158.066,0.413,rock,-5.541,0.0805,0.364,4,0.0367,81,https://api.spotify.com/v1/tracks/5UWwZ5lm5PKu6eKsHAGxOk,spotify:track:5UWwZ5lm5PKu6eKsHAGxOk,The Colour And The Shape,1997-05-20T00:00:00Z,0.000308,30ly6F6Xl0TKmyBCU50Khv,0,11,250547,5.99e-05,audio_features,spotifytracksdataset.zip,71322,foo fighters,foo fighters,the colour and the shape,everlong,everlong,84,250546,False,0.413,0.881,11,-5.541,0,0.0367,5.99e-05,0.000308,0.0805,0.364,158,4,metal,1997-05-20 00:00:00+00:00,1997,26,-3
2Cdvbe2G4hZsnhNMKyGrie,2Cdvbe2G4hZsnhNMKyGrie,joan jett & the blackhearts,joan jett  the blackhearts,i love rock 'n roll,i love rock n roll,joan jett  the blackhearts_i love rock n roll,0.716,94.379,0.535,rock,-5.025,0.659,0.901,4,0.0431,77,https://api.spotify.com/v1/tracks/2Cdvbe2G4hZsnhNMKyGrie,spotify:track:2Cdvbe2G4hZsnhNMKyGrie,I Love Rock 'N' Roll (Expanded Edition),1981-11-18T00:00:00Z,0.0,555qwe1qUgLdee80TZ2CQt,1,4,175173,0.326,audio_features,spotifytracksdataset.zip,85057,joan jett & the blackhearts,joan jett the blackhearts,i love rock 'n' roll (expanded edition),i love rock 'n roll,i love rock n roll,77,175173,False,0.535,0.716,4,-5.025,1,0.0431,0.326,0.0,0.659,0.901,94,4,punk-rock,1981-11-18 00:00:00+00:00,1981,42,0
2Cdvbe2G4hZsnhNMKyGrie,2Cdvbe2G4hZsnhNMKyGrie,joan jett & the blackhearts,joan jett  the blackhearts,i love rock 'n roll,i love rock n roll,joan jett  the blackhearts_i love rock n roll,0.716,94.379,0.535,rock,-5.025,0.659,0.901,4,0.0431,77,https://api.spotify.com/v1/tracks/2Cdvbe2G4hZsnhNMKyGrie,spotify:track:2Cdvbe2G4hZsnhNMKyGrie,I Love Rock 'N' Roll (Expanded Edition),1981-11-18T00:00:00Z,0.0,555qwe1qUgLdee80TZ2CQt,1,4,175173,0.326,audio_features,spotifytracksdataset.zip,86107,joan jett & the blackhearts,joan jett the blackhearts,i love rock 'n' roll (expanded edition),i love rock 'n roll,i love rock n roll,78,175173,False,0.535,0.716,4,-5.025,1,0.0431,0.326,0.0,0.659,0.901,94,4,punk,1981-11-18 00:00:00+00:00,1981,42,-1
2Cdvbe2G4hZsnhNMKyGrie,2Cdvbe2G4hZsnhNMKyGrie,joan jett & the blackhearts,joan jett  the blackhearts,i love rock 'n roll,i love rock n roll,joan jett  the blackhearts_i love rock n roll,0.716,94.379,0.535,rock,-5.025,0.659,0.901,4,0.0431,77,https://api.spotify.com/v1/tracks/2Cdvbe2G4hZsnhNMKyGrie,spotify:track:2Cdvbe2G4hZsnhNMKyGrie,I Love Rock 'N' Roll (Expanded Edition),1981-11-18T00:00:00Z,0.0,555qwe1qUgLdee80TZ2CQt,1,4,175173,0.326,audio_features,spotifytracksdataset.zip,85057,joan jett & the blackhearts,joan jett the blackhearts,i love rock 'n' roll (expanded edition),i love rock 'n roll,i love rock n roll,77,175173,False,0.535,0.716,4,-5.025,1,0.0431,0.326,0.0,0.659,0.901,94,4,punk-rock,1981-11-18 00:00:00+00:00,1981,42,0
2Cdvbe2G4hZsnhNMKyGrie,2Cdvbe2G4hZsnhNMKyGrie,joan jett & the blackhearts,joan jett  the blackhearts,i love rock 'n roll,i love rock n roll,joan jett  the blackhearts_i love rock n roll,0.716,94.379,0.535,rock,-5.025,0.659,0.901,4,0.0431,77,https://api.spotify.com/v1/tracks/2Cdvbe2G4hZsnhNMKyGrie,spotify:track:2Cdvbe2G4hZsnhNMKyGrie,I Love Rock 'N' Roll (Expanded Edition),1981-11-18T00:00:00Z,0.0,555qwe1qUgLdee80TZ2CQt,1,4,175173,0.326,audio_features,spotifytracksdataset.zip,86107,joan jett & the blackhearts,joan jett the blackhearts,i love rock 'n' roll (expanded edition),i love rock 'n roll,i love rock n roll,78,175173,False,0.535,0.716,4,-5.025,1,0.0431,0.326,0.0,0.659,0.901,94,4,punk,1981-11-18 00:00:00+00:00,1981,42,-1
2Cdvbe2G4hZsnhNMKyGrie,2Cdvbe2G4hZsnhNMKyGrie,joan jett & the blackhearts,joan jett  the blackhearts,i love rock 'n roll,i love rock n roll,joan jett  the blackhearts_i love rock n roll,0.716,94.379,0.535,pop,-5.025,0.659,0.901,4,0.0431,77,https://api.spotify.com/v1/tracks/2Cdvbe2G4hZsnhNMKyGrie,spotify:track:2Cdvbe2G4hZsnhNMKyGrie,I Love Rock 'N' Roll (Expanded Edition),1981-11-18T00:00:00Z,0.0,555qwe1qUgLdee80TZ2CQt,1,4,175173,0.326,audio_features,spotifytracksdataset.zip,85057,joan jett & the blackhearts,joan jett the blackhearts,i love rock 'n' roll (expanded edition),i love rock 'n roll,i love rock n roll,77,175173,False,0.535,0.716,4,-5.025,1,0.0431,0.326,0.0,0.659,0.901,94,4,punk-rock,1981-11-18 00:00:00+00:00,1981,42,0
2Cdvbe2G4hZsnhNMKyGrie,2Cdvbe2G4hZsnhNMKyGrie,joan jett & the blackhearts,joan jett  the blackhearts,i love rock 'n roll,i love rock n roll,joan jett  the blackhearts_i love rock n roll,0.716,94.379,0.535,pop,-5.025,0.659,0.901,4,0.0431,77,https://api.spotify.com/v1/tracks/2Cdvbe2G4hZsnhNMKyGrie,spotify:track:2Cdvbe2G4hZsnhNMKyGrie,I Love Rock 'N' Roll (Expanded Edition),1981-11-18T00:00:00Z,0.0,555qwe1qUgLdee80TZ2CQt,1,4,175173,0.326,audio_features,spotifytracksdataset.zip,86107,joan jett & the blackhearts,joan jett the blackhearts,i love rock 'n' roll (expanded edition),i love rock 'n roll,i love rock n roll,78,175173,False,0.535,0.716,4,-5.025,1,0.0431,0.326,0.0,0.659,0.901,94,4,punk,1981-11-18 00:00:00+00:00,1981,42,-1
6zeE5tKyr8Nu882DQhhSQI,6zeE5tKyr8Nu882DQhhSQI,kansas,kansas,dust in the wind,dust in the wind,kansas_dust in the wind,0.322,93.503,0.475,rock,-10.687,0.11,0.387,4,0.0283,79,https://api.spotify.com/v1/tracks/6zeE5tKyr8Nu882DQhhSQI,spotify:track:6zeE5tKyr8Nu882DQhhSQI,Point Of Know Return (Expanded Edition),1977-01-01T00:00:00Z,0.00056,6oU298pdPTCQnMx1PYwyUA,1,7,206267,0.367,audio_features,spotifytracksdataset.zip,47150,kansas,kansas,point of know return (expanded edition),dust in the wind,dust in the wind,78,206266,False,0.475,0.322,7,-10.687,1,0.0283,0.367,0.00056,0.11,0.387,94,4,hard-rock,1977-01-01 00:00:00+00:00,1977,46,1
4gMgiXfqyzZLMhsksGmbQV,4gMgiXfqyzZLMhsksGmbQV,pink floyd,pink floyd,"another brick in the wall, pt. 2",another brick in the wall pt 2,pink floyd_another brick in the wall pt 2,0.394,104.114,0.693,rock,-15.882,0.247,0.721,4,0.0428,74,https://api.spotify.com/v1/tracks/4gMgiXfqyzZLMhsksGmbQV,spotify:track:4gMgiXfqyzZLMhsksGmbQV,The Wall,1979-11-30T00:00:00Z,0.000694,5Dbax7G8SWrP9xyzkOvy2F,1,0,238747,0.0782,audio_features,spotifytracksdataset.zip,84051,pink floyd,pink floyd,the wall,"another brick in the wall, pt. 2",another brick in the wall pt 2,76,238746,False,0.693,0.394,0,-15.882,1,0.0428,0.0782,0.000694,0.247,0.721,104,4,psych-rock,1979-11-30 00:00:00+00:00,1979,44,-2
4gMgiXfqyzZLMhsksGmbQV,4gMgiXfqyzZLMhsksGmbQV,pink floyd,pink floyd,"another brick in the wall, pt. 2",another brick in the wall pt 2,pink floyd_another brick in the wall pt 2,0.394,104.114,0.693,rock,-15.882,0.247,0.721,4,0.0428,74,https://api.spotify.com/v1/tracks/4gMgiXfqyzZLMhsksGmbQV,spotify:track:4gMgiXfqyzZLMhsksGmbQV,The Wall,1979-11-30T00:00:00Z,0.000694,5Dbax7G8SWrP9xyzkOvy2F,1,0,238747,0.0782,audio_features,spotifytracksdataset.zip,91717,pink floyd,pink floyd,the wall,"another brick in the wall, pt. 2",another brick in the wall pt 2,76,238746,False,0.693,0.394,0,-15.882,1,0.0428,0.0782,0.000694,0.247,0.721,104,4,rock,1979-11-30 00:00:00+00:00,1979,44,-2
0X1sqQ652p1sceKM2nJlIJ,0X1sqQ652p1sceKM2nJlIJ,bon jovi,bon jovi,runaway,runaway,bon jovi_runaway,0.899,152.445,0.475,rock,-4.321,0.14,0.603,4,0.0637,72,https://api.spotify.com/v1/tracks/0X1sqQ652p1sceKM2nJlIJ,spotify:track:0X1sqQ652p1sceKM2nJlIJ,Bon Jovi,1984-01-23T00:00:00Z,1.91e-05,1UUOBzIHw0noiRGRpbt3sz,0,9,230667,0.00375,audio_features,spotifytracksdataset.zip,71508,bon jovi,bon jovi,bon jovi,runaway,runaway,73,230666,False,0.475,0.899,9,-4.321,0,0.0637,0.00375,1.91e-05,0.14,0.603,152,4,metal,1984-01-23 00:00:00+00:00,1984,39,-1
0X1sqQ652p1sceKM2nJlIJ,0X1sqQ652p1sceKM2nJlIJ,bon jovi,bon jovi,runaway,runaway,bon jovi_runaway,0.899,152.445,0.475,rock,-4.321,0.14,0.603,4,0.0637,72,https://api.spotify.com/v1/tracks/0X1sqQ652p1sceKM2nJlIJ,spotify:track:0X1sqQ652p1sceKM2nJlIJ,Bon Jovi,1984-01-23T00:00:00Z,1.91e-05,1UUOBzIHw0noiRGRpbt3sz,0,9,230667,0.00375,audio_features,spotifytracksdataset.zip,71508,bon jovi,bon jovi,bon jovi,runaway,runaway,73,230666,False,0.475,0.899,9,-4.321,0,0.0637,0.00375,1.91e-05,0.14,0.603,152,4,metal,1984-01-23 00:00:00+00:00,1984,39,-1
6L89mwZXSOwYl76YXfX13s,6L89mwZXSOwYl76YXfX13s,green day,green day,basket case,basket case,green day_basket case,0.943,85.064,0.442,rock,-3.205,0.091,0.781,4,0.0602,80,https://api.spotify.com/v1/tracks/6L89mwZXSOwYl76YXfX13s,spotify:track:6L89mwZXSOwYl76YXfX13s,Dookie,1994-02-01T00:00:00Z,8.71e-06,4uG8q3GPuWHQlRbswMIRS6,1,3,181533,0.00293,audio_features,spotifytracksdataset.zip,86113,green day,green day,dookie,basket case,basket case,81,181533,False,0.442,0.943,3,-3.205,1,0.0602,0.00293,8.71e-06,0.091,0.781,85,4,punk,1994-02-01 00:00:00+00:00,1994,29,-1
3d9DChrdc6BOeFsbrZ3Is0,3d9DChrdc6BOeFsbrZ3Is0,red hot chili peppers,red hot chili peppers,under the bridge,under the bridge,red hot chili peppers_under the bridge,0.345,84.581,0.559,rock,-13.496,0.141,0.458,4,0.0459,82,https://api.spotify.com/v1/tracks/3d9DChrdc6BOeFsbrZ3Is0,spotify:track:3d9DChrdc6BOeFsbrZ3Is0,Blood Sugar Sex Magik (Deluxe Edition),1991-09-24T00:00:00Z,0.000105,30Perjew8HyGkdSmqguYyg,1,4,264307,0.0576,audio_features,spotifytracksdataset.zip,2309,red hot chili peppers,red hot chili peppers,blood sugar sex magik (deluxe edition),under the bridge,under the bridge,82,264306,False,0.559,0.345,4,-13.496,1,0.0459,0.0576,0.000105,0.141,0.458,85,4,alt-rock,1991-09-24 00:00:00+00:00,1991,32,0
3d9DChrdc6BOeFsbrZ3Is0,3d9DChrdc6BOeFsbrZ3Is0,red hot chili peppers,red hot chili peppers,under the bridge,under the bridge,red hot chili peppers_under the bridge,0.345,84.581,0.559,rock,-13.496,0.141,0.458,4,0.0459,82,https://api.spotify.com/v1/tracks/3d9DChrdc6BOeFsbrZ3Is0,spotify:track:3d9DChrdc6BOeFsbrZ3Is0,Blood Sugar Sex Magik (Deluxe Edition),1991-09-24T00:00:00Z,0.000105,30Perjew8HyGkdSmqguYyg,1,4,264307,0.0576,audio_features,spotifytracksdataset.zip,3459,red hot chili peppers,red hot chili peppers,blood sugar sex magik (deluxe edition),under the bridge,under the bridge,82,264306,False,0.559,0.345,4,-13.496,1,0.0459,0.0576,0.000105,0.141,0.458,85,4,alternative,1991-09-24 00:00:00+00:00,1991,32,0
3d9DChrdc6BOeFsbrZ3Is0,3d9DChrdc6BOeFsbrZ3Is0,red hot chili peppers,red hot chili peppers,under the bridge,under the bridge,red hot chili peppers_under the bridge,0.345,84.581,0.559,rock,-13.496,0.141,0.458,4,0.0459,82,https://api.spotify.com/v1/tracks/3d9DChrdc6BOeFsbrZ3Is0,spotify:track:3d9DChrdc6BOeFsbrZ3Is0,Blood Sugar Sex Magik (Deluxe Edition),1991-09-24T00:00:00Z,0.000105,30Perjew8HyGkdSmqguYyg,1,4,264307,0.0576,audio_features,spotifytracksdataset.zip,37255,red hot chili peppers,red hot chili peppers,blood sugar sex magik (deluxe edition),under the bridge,under the bridge,82,264306,False,0.559,0.345,4,-13.496,1,0.0459,0.0576,0.000105,0.141,0.458,85,4,funk,1991-09-24 00:00:00+00:00,1991,32,0
3d9DChrdc6BOeFsbrZ3Is0,3d9DChrdc6BOeFsbrZ3Is0,red hot chili peppers,red hot chili peppers,under the bridge,under the bridge,red hot chili peppers_under the bridge,0.345,84.581,0.559,rock,-13.496,0.141,0.458,4,0.0459,82,https://api.spotify.com/v1/tracks/3d9DChrdc6BOeFsbrZ3Is0,spotify:track:3d9DChrdc6BOeFsbrZ3Is0,Blood Sugar Sex Magik (Deluxe Edition),1991-09-24T00:00:00Z,0.000105,30Perjew8HyGkdSmqguYyg,1,4,264307,0.0576,audio_features,spotifytracksdataset.zip,71217,red hot chili peppers,red hot chili peppers,blood sugar sex magik (deluxe edition),under the bridge,under the bridge,82,264306,False,0.559,0.345,4,-13.496,1,0.0459,0.0576,0.000105,0.141,0.458,85,4,metal,1991-09-24 00:00:00+00:00,1991,32,0
1gzIbdFnGJ226LTl0Cn2SX,1gzIbdFnGJ226LTl0Cn2SX,billy idol,billy idol,white wedding - pt. 1,white wedding  pt 1,billy idol_white wedding  pt 1,0.814,147.193,0.673,rock,-5.411,0.343,0.728,4,0.0367,70,https://api.spotify.com/v1/tracks/1gzIbdFnGJ226LTl0Cn2SX,spotify:track:1gzIbdFnGJ226LTl0Cn2SX,Billy Idol,1982-01-01T00:00:00Z,0.00293,5ebh0MxkqELmk50xHj2b4k,1,9,252200,0.0134,audio_features,spotifytracksdataset.zip,47717,billy idol,billy idol,billy idol,white wedding - pt. 1,white wedding pt 1,71,252200,False,0.673,0.814,9,-5.411,1,0.0367,0.0133,0.00293,0.343,0.728,147,4,hard-rock,1982-01-01 00:00:00+00:00,1982,41,-1
2SiXAy7TuUkycRVbbWDEpo,2SiXAy7TuUkycRVbbWDEpo,ac/dc,acdc,you shook me all night long,you shook me all night long,acdc_you shook me all night long,0.767,127.361,0.532,rock,-5.509,0.39,0.755,4,0.0574,81,https://api.spotify.com/v1/tracks/2SiXAy7TuUkycRVbbWDEpo,spotify:track:2SiXAy7TuUkycRVbbWDEpo,Back In Black,1980-07-25T00:00:00Z,0.000513,6mUdeDZCsExyJLMdAfDuwh,1,7,210173,0.00287,audio_features,spotifytracksdataset.zip,47063,ac/dc,acdc,back in black,you shook me all night long,you shook me all night long,81,210173,False,0.532,0.767,7,-5.509,1,0.0574,0.00287,0.000513,0.39,0.755,127,4,hard-rock,1980-07-25 00:00:00+00:00,1980,43,0
2SiXAy7TuUkycRVbbWDEpo,2SiXAy7TuUkycRVbbWDEpo,ac/dc,acdc,you shook me all night long,you shook me all night long,acdc_you shook me all night long,0.767,127.361,0.532,rock,-5.509,0.39,0.755,4,0.0574,81,https://api.spotify.com/v1/tracks/2SiXAy7TuUkycRVbbWDEpo,spotify:track:2SiXAy7TuUkycRVbbWDEpo,Back In Black,1980-07-25T00:00:00Z,0.000513,6mUdeDZCsExyJLMdAfDuwh,1,7,210173,0.00287,audio_features,spotifytracksdataset.zip,47063,ac/dc,acdc,back in black,you shook me all night long,you shook me all night long,81,210173,False,0.532,0.767,7,-5.509,1,0.0574,0.00287,0.000513,0.39,0.755,127,4,hard-rock,1980-07-25 00:00:00+00:00,1980,43,0
2PzU4IB8Dr6mxV3lHuaG34,2PzU4IB8Dr6mxV3lHuaG34,the rolling stones,the rolling stones,(i can't get no) satisfaction - mono version,i cant get no satisfaction  mono version,the rolling stones_i cant get no satisfaction  mono version,0.863,136.302,0.723,rock,-7.89,0.128,0.931,4,0.0338,76,https://api.spotify.com/v1/tracks/2PzU4IB8Dr6mxV3lHuaG34,spotify:track:2PzU4IB8Dr6mxV3lHuaG34,Out Of Our Heads,1965-07-30T00:00:00Z,0.0317,2Q5MwpTmtjscaS34mJFXQQ,1,2,222813,0.0383,audio_features,spotifytracksdataset.zip,11069,the rolling stones,the rolling stones,out of our heads,(i can't get no) satisfaction - mono version,i cant get no satisfaction mono version,77,222813,False,0.723,0.863,2,-7.89,1,0.0338,0.0383,0.0317,0.128,0.931,136,4,british,1965-07-30 00:00:00+00:00,1965,58,-1
0hCB0YR03f6AmQaHbwWDe8,0hCB0YR03f6AmQaHbwWDe8,led zeppelin,led zeppelin,whole lotta love - 1990 remaster,whole lotta love  1990 remaster,led zeppelin_whole lotta love  1990 remaster,0.902,89.74,0.412,rock,-11.6,0.405,0.422,4,0.405,72,https://api.spotify.com/v1/tracks/0hCB0YR03f6AmQaHbwWDe8,spotify:track:0hCB0YR03f6AmQaHbwWDe8,Led Zeppelin II (1994 Remaster),1969-10-22T00:00:00Z,0.131,70lQYZtypdCALtFVlQAcvx,1,9,333893,0.0484,audio_features,spotifytracksdataset.zip,47057,led zeppelin,led zeppelin,led zeppelin ii (1994 remaster),whole lotta love - 1990 remaster,whole lotta love 1990 remaster,77,333893,False,0.412,0.902,9,-11.6,1,0.405,0.0484,0.131,0.405,0.422,90,4,hard-rock,1969-10-22 00:00:00+00:00,1969,54,-5
14XWXWv5FoCbFzLksawpEe,14XWXWv5FoCbFzLksawpEe,the doors,the doors,riders on the storm,riders on the storm,the doors_riders on the storm,0.722,103.886,0.55,rock,-11.729,0.11,0.716,4,0.0283,70,https://api.spotify.com/v1/tracks/14XWXWv5FoCbFzLksawpEe,spotify:track:14XWXWv5FoCbFzLksawpEe,L.A. Woman,1971-04-19T00:00:00Z,0.0129,7IKUTIc9UWuVngyGPtqNHS,0,11,434720,0.25,audio_features,spotifytracksdataset.zip,84113,the doors,the doors,l.a. woman,riders on the storm,riders on the storm,73,434720,False,0.55,0.722,11,-11.729,0,0.0283,0.25,0.0129,0.11,0.716,104,4,psych-rock,1971-04-19 00:00:00+00:00,1971,52,-3
6QewNVIDKdSl8Y3ycuHIei,6QewNVIDKdSl8Y3ycuHIei,pearl jam,pearl jam,even flow,even flow,pearl jam_even flow,0.944,105.338,0.394,rock,-6.506,0.298,0.265,4,0.0761,77,https://api.spotify.com/v1/tracks/6QewNVIDKdSl8Y3ycuHIei,spotify:track:6QewNVIDKdSl8Y3ycuHIei,Ten,1991-08-27T00:00:00Z,4.54e-06,5B4PYA7wNN4WdEXdIJu58a,0,10,292581,0.00178,audio_features,spotifytracksdataset.zip,2958,pearl jam,pearl jam,ten,even flow,even flow,76,292580,False,0.394,0.944,10,-6.506,0,0.0761,0.00178,4.54e-06,0.298,0.265,105,4,alt-rock,1991-08-27 00:00:00+00:00,1991,32,1
6QewNVIDKdSl8Y3ycuHIei,6QewNVIDKdSl8Y3ycuHIei,pearl jam,pearl jam,even flow,even flow,pearl jam_even flow,0.944,105.338,0.394,rock,-6.506,0.298,0.265,4,0.0761,77,https://api.spotify.com/v1/tracks/6QewNVIDKdSl8Y3ycuHIei,spotify:track:6QewNVIDKdSl8Y3ycuHIei,Ten,1991-08-27T00:00:00Z,4.54e-06,5B4PYA7wNN4WdEXdIJu58a,0,10,292581,0.00178,audio_features,spotifytracksdataset.zip,44125,pearl jam,pearl jam,ten,even flow,even flow,76,292580,False,0.394,0.944,10,-6.506,0,0.0761,0.00178,4.54e-06,0.298,0.265,105,4,grunge,1991-08-27 00:00:00+00:00,1991,32,1
6QewNVIDKdSl8Y3ycuHIei,6QewNVIDKdSl8Y3ycuHIei,pearl jam,pearl jam,even flow,even flow,pearl jam_even flow,0.944,105.338,0.394,rock,-6.506,0.298,0.265,4,0.0761,77,https://api.spotify.com/v1/tracks/6QewNVIDKdSl8Y3ycuHIei,spotify:track:6QewNVIDKdSl8Y3ycuHIei,Ten,1991-08-27T00:00:00Z,4.54e-06,5B4PYA7wNN4WdEXdIJu58a,0,10,292581,0.00178,audio_features,spotifytracksdataset.zip,2958,pearl jam,pearl jam,ten,even flow,even flow,76,292580,False,0.394,0.944,10,-6.506,0,0.0761,0.00178,4.54e-06,0.298,0.265,105,4,alt-rock,1991-08-27 00:00:00+00:00,1991,32,1
6QewNVIDKdSl8Y3ycuHIei,6QewNVIDKdSl8Y3ycuHIei,pearl jam,pearl jam,even flow,even flow,pearl jam_even flow,0.944,105.338,0.394,rock,-6.506,0.298,0.265,4,0.0761,77,https://api.spotify.com/v1/tracks/6QewNVIDKdSl8Y3ycuHIei,spotify:track:6QewNVIDKdSl8Y3ycuHIei,Ten,1991-08-27T00:00:00Z,4.54e-06,5B4PYA7wNN4WdEXdIJu58a,0,10,292581,0.00178,audio_features,spotifytracksdataset.zip,44125,pearl jam,pearl jam,ten,even flow,even flow,76,292580,False,0.394,0.944,10,-6.506,0,0.0761,0.00178,4.54e-06,0.298,0.265,105,4,grunge,1991-08-27 00:00:00+00:00,1991,32,1
0dOg1ySSI7NkpAe89Zo0b9,0dOg1ySSI7NkpAe89Zo0b9,bruce springsteen,bruce springsteen,born in the u.s.a.,born in the usa,bruce springsteen_born in the usa,0.952,122.093,0.398,rock,-6.042,0.1,0.584,4,0.061,72,https://api.spotify.com/v1/tracks/0dOg1ySSI7NkpAe89Zo0b9,spotify:track:0dOg1ySSI7NkpAe89Zo0b9,Born In The U.S.A.,1984-06-04T00:00:00Z,7.75e-05,0PMasrHdpaoIRuHuhHp72O,1,4,278680,0.000373,audio_features,spotifytracksdataset.zip,99833,bruce springsteen,bruce springsteen,born in the u.s.a.,born in the u.s.a.,born in the usa,74,278680,False,0.398,0.952,4,-6.042,1,0.061,0.000373,7.75e-05,0.1,0.584,122,4,singer-songwriter,1984-06-04 00:00:00+00:00,1984,39,-2
0dOg1ySSI7NkpAe89Zo0b9,0dOg1ySSI7NkpAe89Zo0b9,bruce springsteen,bruce springsteen,born in the u.s.a.,born in the usa,bruce springsteen_born in the usa,0.952,122.093,0.398,rock,-6.042,0.1,0.584,4,0.061,72,https://api.spotify.com/v1/tracks/0dOg1ySSI7NkpAe89Zo0b9,spotify:track:0dOg1ySSI7NkpAe89Zo0b9,Born In The U.S.A.,1984-06-04T00:00:00Z,7.75e-05,0PMasrHdpaoIRuHuhHp72O,1,4,278680,0.000373,audio_features,spotifytracksdataset.zip,102833,bruce springsteen,bruce springsteen,born in the u.s.a.,born in the u.s.a.,born in the usa,74,278680,False,0.398,0.952,4,-6.042,1,0.061,0.000373,7.75e-05,0.1,0.584,122,4,songwriter,1984-06-04 00:00:00+00:00,1984,39,-2
0dOg1ySSI7NkpAe89Zo0b9,0dOg1ySSI7NkpAe89Zo0b9,bruce springsteen,bruce springsteen,born in the u.s.a.,born in the usa,bruce springsteen_born in the usa,0.952,122.093,0.398,rock,-6.042,0.1,0.584,4,0.061,72,https://api.spotify.com/v1/tracks/0dOg1ySSI7NkpAe89Zo0b9,spotify:track:0dOg1ySSI7NkpAe89Zo0b9,Born In The U.S.A.,1984-06-04T00:00:00Z,7.75e-05,0PMasrHdpaoIRuHuhHp72O,1,4,278680,0.000373,audio_features,spotifytracksdataset.zip,99833,bruce springsteen,bruce springsteen,born in the u.s.a.,born in the u.s.a.,born in the usa,74,278680,False,0.398,0.952,4,-6.042,1,0.061,0.000373,7.75e-05,0.1,0.584,122,4,singer-songwriter,1984-06-04 00:00:00+00:00,1984,39,-2
0dOg1ySSI7NkpAe89Zo0b9,0dOg1ySSI7NkpAe89Zo0b9,bruce springsteen,bruce springsteen,born in the u.s.a.,born in the usa,bruce springsteen_born in the usa,0.952,122.093,0.398,rock,-6.042,0.1,0.584,4,0.061,72,https://api.spotify.com/v1/tracks/0dOg1ySSI7NkpAe89Zo0b9,spotify:track:0dOg1ySSI7NkpAe89Zo0b9,Born In The U.S.A.,1984-06-04T00:00:00Z,7.75e-05,0PMasrHdpaoIRuHuhHp72O,1,4,278680,0.000373,audio_features,spotifytracksdataset.zip,102833,bruce springsteen,bruce springsteen,born in the u.s.a.,born in the u.s.a.,born in the usa,74,278680,False,0.398,0.952,4,-6.042,1,0.061,0.000373,7.75e-05,0.1,0.584,122,4,songwriter,1984-06-04 00:00:00+00:00,1984,39,-2
0dOg1ySSI7NkpAe89Zo0b9,0dOg1ySSI7NkpAe89Zo0b9,bruce springsteen,bruce springsteen,born in the u.s.a.,born in the usa,bruce springsteen_born in the usa,0.952,122.093,0.398,pop,-6.042,0.1,0.584,4,0.061,72,https://api.spotify.com/v1/tracks/0dOg1ySSI7NkpAe89Zo0b9,spotify:track:0dOg1ySSI7NkpAe89Zo0b9,Born In The U.S.A.,1984-06-04T00:00:00Z,7.75e-05,0PMasrHdpaoIRuHuhHp72O,1,4,278680,0.000373,audio_features,spotifytracksdataset.zip,99833,bruce springsteen,bruce springsteen,born in the u.s.a.,born in the u.s.a.,born in the usa,74,278680,False,0.398,0.952,4,-6.042,1,0.061,0.000373,7.75e-05,0.1,0.584,122,4,singer-songwriter,1984-06-04 00:00:00+00:00,1984,39,-2
0dOg1ySSI7NkpAe89Zo0b9,0dOg1ySSI7NkpAe89Zo0b9,bruce springsteen,bruce springsteen,born in the u.s.a.,born in the usa,bruce springsteen_born in the usa,0.952,122.093,0.398,pop,-6.042,0.1,0.584,4,0.061,72,https://api.spotify.com/v1/tracks/0dOg1ySSI7NkpAe89Zo0b9,spotify:track:0dOg1ySSI7NkpAe89Zo0b9,Born In The U.S.A.,1984-06-04T00:00:00Z,7.75e-05,0PMasrHdpaoIRuHuhHp72O,1,4,278680,0.000373,audio_features,spotifytracksdataset.zip,102833,bruce springsteen,bruce springsteen,born in the u.s.a.,born in the u.s.a.,born in the usa,74,278680,False,0.398,0.952,4,-6.042,1,0.061,0.000373,7.75e-05,0.1,0.584,122,4,songwriter,1984-06-04 00:00:00+00:00,1984,39,-2
57iDDD9N9tTWe75x6qhStw,57iDDD9N9tTWe75x6qhStw,the verve,the verve,bitter sweet symphony - remastered 2016,bitter sweet symphony  remastered 2016,the verve_bitter sweet symphony  remastered 2016,0.917,171.176,0.356,rock,-6.006,0.406,0.518,4,0.0479,79,https://api.spotify.com/v1/tracks/57iDDD9N9tTWe75x6qhStw,spotify:track:57iDDD9N9tTWe75x6qhStw,Urban Hymns (Remastered 2016),1997-09-29T00:00:00Z,0.0,52AeC4gwbxDfFlLHgK1ByD,1,9,357267,0.0335,audio_features,spotifytracksdataset.zip,2312,the verve,the verve,urban hymns (remastered 2016),bitter sweet symphony,bitter sweet symphony,80,357266,False,0.356,0.917,9,-6.006,1,0.0479,0.0335,0.0,0.406,0.518,171,4,alt-rock,1997-09-29 00:00:00+00:00,1997,26,-1
57iDDD9N9tTWe75x6qhStw,57iDDD9N9tTWe75x6qhStw,the verve,the verve,bitter sweet symphony - remastered 2016,bitter sweet symphony  remastered 2016,the verve_bitter sweet symphony  remastered 2016,0.917,171.176,0.356,rock,-6.006,0.406,0.518,4,0.0479,79,https://api.spotify.com/v1/tracks/57iDDD9N9tTWe75x6qhStw,spotify:track:57iDDD9N9tTWe75x6qhStw,Urban Hymns (Remastered 2016),1997-09-29T00:00:00Z,0.0,52AeC4gwbxDfFlLHgK1ByD,1,9,357267,0.0335,audio_features,spotifytracksdataset.zip,3570,the verve,the verve,urban hymns (remastered 2016),bitter sweet symphony,bitter sweet symphony,80,357266,False,0.356,0.917,9,-6.006,1,0.0479,0.0335,0.0,0.406,0.518,171,4,alternative,1997-09-29 00:00:00+00:00,1997,26,-1
57iDDD9N9tTWe75x6qhStw,57iDDD9N9tTWe75x6qhStw,the verve,the verve,bitter sweet symphony - remastered 2016,bitter sweet symphony  remastered 2016,the verve_bitter sweet symphony  remastered 2016,0.917,171.176,0.356,rock,-6.006,0.406,0.518,4,0.0479,79,https://api.spotify.com/v1/tracks/57iDDD9N9tTWe75x6qhStw,spotify:track:57iDDD9N9tTWe75x6qhStw,Urban Hymns (Remastered 2016),1997-09-29T00:00:00Z,0.0,52AeC4gwbxDfFlLHgK1ByD,1,9,357267,0.0335,audio_features,spotifytracksdataset.zip,87051,the verve,the verve,urban hymns (remastered 2016),bitter sweet symphony,bitter sweet symphony,80,357266,False,0.356,0.917,9,-6.006,1,0.0479,0.0335,0.0,0.406,0.518,171,4,r-n-b,1997-09-29 00:00:00+00:00,1997,26,-1
2N2yrmodOnVF10mKvItC9P,2N2yrmodOnVF10mKvItC9P,guns n' roses,guns n roses,don't cry (original),dont cry original,guns n roses_dont cry original,0.589,124.634,0.455,rock,-8.64,0.104,0.254,4,0.0328,75,https://api.spotify.com/v1/tracks/2N2yrmodOnVF10mKvItC9P,spotify:track:2N2yrmodOnVF10mKvItC9P,Use Your Illusion I,1991-09-17T00:00:00Z,0.00358,0CxPbTRARqKUYighiEY9Sz,1,11,283733,0.00184,audio_features,spotifytracksdataset.zip,47053,guns n' roses,guns n roses,use your illusion i,don't cry (original),dont cry original,78,283733,False,0.456,0.59,11,-8.638,1,0.0327,0.00182,0.00379,0.104,0.243,125,4,hard-rock,1991-09-17 00:00:00+00:00,1991,32,-3
2N2yrmodOnVF10mKvItC9P,2N2yrmodOnVF10mKvItC9P,guns n' roses,guns n roses,don't cry (original),dont cry original,guns n roses_dont cry original,0.589,124.634,0.455,rock,-8.64,0.104,0.254,4,0.0328,75,https://api.spotify.com/v1/tracks/2N2yrmodOnVF10mKvItC9P,spotify:track:2N2yrmodOnVF10mKvItC9P,Use Your Illusion I,1991-09-17T00:00:00Z,0.00358,0CxPbTRARqKUYighiEY9Sz,1,11,283733,0.00184,audio_features,spotifytracksdataset.zip,71214,guns n' roses,guns n roses,use your illusion i,don't cry (original),dont cry original,78,283733,False,0.456,0.59,11,-8.638,1,0.0327,0.00182,0.00379,0.104,0.243,125,4,metal,1991-09-17 00:00:00+00:00,1991,32,-3
2aoo2jlRnM3A0NyLQqMN2f,2aoo2jlRnM3A0NyLQqMN2f,jimi hendrix,jimi hendrix,all along the watchtower,all along the watchtower,jimi hendrix_all along the watchtower,0.805,113.253,0.438,rock,-6.237,0.0842,0.564,4,0.0624,72,https://api.spotify.com/v1/tracks/2aoo2jlRnM3A0NyLQqMN2f,spotify:track:2aoo2jlRnM3A0NyLQqMN2f,Electric Ladyland,1968-10-25T00:00:00Z,5.69e-05,5z090LQztiqh13wYspQvKQ,1,8,240800,0.00255,audio_features,spotifytracksdataset.zip,8260,jimi hendrix,jimi hendrix,electric ladyland,all along the watchtower,all along the watchtower,77,240800,False,0.438,0.805,8,-6.237,1,0.0624,0.00255,5.69e-05,0.0842,0.564,113,4,blues,1968-10-25 00:00:00+00:00,1968,55,-5
2aoo2jlRnM3A0NyLQqMN2f,2aoo2jlRnM3A0NyLQqMN2f,jimi hendrix,jimi hendrix,all along the watchtower,all along the watchtower,jimi hendrix_all along the watchtower,0.805,113.253,0.438,rock,-6.237,0.0842,0.564,4,0.0624,72,https://api.spotify.com/v1/tracks/2aoo2jlRnM3A0NyLQqMN2f,spotify:track:2aoo2jlRnM3A0NyLQqMN2f,Electric Ladyland,1968-10-25T00:00:00Z,5.69e-05,5z090LQztiqh13wYspQvKQ,1,8,240800,0.00255,audio_features,spotifytracksdataset.zip,47163,jimi hendrix,jimi hendrix,electric ladyland,all along the watchtower,all along the watchtower,77,240800,False,0.438,0.805,8,-6.237,1,0.0624,0.00255,5.69e-05,0.0842,0.564,113,4,hard-rock,1968-10-25 00:00:00+00:00,1968,55,-5
2aoo2jlRnM3A0NyLQqMN2f,2aoo2jlRnM3A0NyLQqMN2f,jimi hendrix,jimi hendrix,all along the watchtower,all along the watchtower,jimi hendrix_all along the watchtower,0.805,113.253,0.438,rock,-6.237,0.0842,0.564,4,0.0624,72,https://api.spotify.com/v1/tracks/2aoo2jlRnM3A0NyLQqMN2f,spotify:track:2aoo2jlRnM3A0NyLQqMN2f,Electric Ladyland,1968-10-25T00:00:00Z,5.69e-05,5z090LQztiqh13wYspQvKQ,1,8,240800,0.00255,audio_features,spotifytracksdataset.zip,71376,jimi hendrix,jimi hendrix,electric ladyland,all along the watchtower,all along the watchtower,77,240800,False,0.438,0.805,8,-6.237,1,0.0624,0.00255,5.69e-05,0.0842,0.564,113,4,metal,1968-10-25 00:00:00+00:00,1968,55,-5
2aoo2jlRnM3A0NyLQqMN2f,2aoo2jlRnM3A0NyLQqMN2f,jimi hendrix,jimi hendrix,all along the watchtower,all along the watchtower,jimi hendrix_all along the watchtower,0.805,113.253,0.438,rock,-6.237,0.0842,0.564,4,0.0624,72,https://api.spotify.com/v1/tracks/2aoo2jlRnM3A0NyLQqMN2f,spotify:track:2aoo2jlRnM3A0NyLQqMN2f,Electric Ladyland,1968-10-25T00:00:00Z,5.69e-05,5z090LQztiqh13wYspQvKQ,1,8,240800,0.00255,audio_features,spotifytracksdataset.zip,84124,jimi hendrix,jimi hendrix,electric ladyland,all along the watchtower,all along the watchtower,77,240800,False,0.438,0.805,8,-6.237,1,0.0624,0.00255,5.69e-05,0.0842,0.564,113,4,psych-rock,1968-10-25 00:00:00+00:00,1968,55,-5
1i6N76fftMZhijOzFQ5ZtL,1i6N76fftMZhijOzFQ5ZtL,talking heads,talking heads,psycho killer - 2005 remaster,psycho killer  2005 remaster,talking heads_psycho killer  2005 remaster,0.521,123.118,0.721,rock,-8.123,0.127,0.942,4,0.0613,76,https://api.spotify.com/v1/tracks/1i6N76fftMZhijOzFQ5ZtL,spotify:track:1i6N76fftMZhijOzFQ5ZtL,Talking Heads '77 (Deluxe Version),1977-09-16T00:00:00Z,0.00545,5eqcF7pWzHgWpGdEmHgeSN,1,2,261413,0.0708,audio_features,spotifytracksdataset.zip,37803,talking heads,talking heads,talking heads '77 (deluxe version),psycho killer - 2005 remaster,psycho killer 2005 remaster,78,261413,False,0.721,0.521,2,-8.123,1,0.0613,0.0708,0.00545,0.127,0.942,123,4,funk,1977-09-16 00:00:00+00:00,1977,46,-2
1i6N76fftMZhijOzFQ5ZtL,1i6N76fftMZhijOzFQ5ZtL,talking heads,talking heads,psycho killer - 2005 remaster,psycho killer  2005 remaster,talking heads_psycho killer  2005 remaster,0.521,123.118,0.721,rock,-8.123,0.127,0.942,4,0.0613,76,https://api.spotify.com/v1/tracks/1i6N76fftMZhijOzFQ5ZtL,spotify:track:1i6N76fftMZhijOzFQ5ZtL,Talking Heads '77 (Deluxe Version),1977-09-16T00:00:00Z,0.00545,5eqcF7pWzHgWpGdEmHgeSN,1,2,261413,0.0708,audio_features,spotifytracksdataset.zip,85100,talking heads,talking heads,talking heads '77 (deluxe version),psycho killer - 2005 remaster,psycho killer 2005 remaster,78,261413,False,0.721,0.521,2,-8.123,1,0.0613,0.0708,0.00545,0.127,0.942,123,4,punk-rock,1977-09-16 00:00:00+00:00,1977,46,-2
1i6N76fftMZhijOzFQ5ZtL,1i6N76fftMZhijOzFQ5ZtL,talking heads,talking heads,psycho killer - 2005 remaster,psycho killer  2005 remaster,talking heads_psycho killer  2005 remaster,0.521,123.118,0.721,rock,-8.123,0.127,0.942,4,0.0613,76,https://api.spotify.com/v1/tracks/1i6N76fftMZhijOzFQ5ZtL,spotify:track:1i6N76fftMZhijOzFQ5ZtL,Talking Heads '77 (Deluxe Version),1977-09-16T00:00:00Z,0.00545,5eqcF7pWzHgWpGdEmHgeSN,1,2,261413,0.0708,audio_features,spotifytracksdataset.zip,86202,talking heads,talking heads,talking heads '77 (deluxe version),psycho killer - 2005 remaster,psycho killer 2005 remaster,78,261413,False,0.721,0.521,2,-8.123,1,0.0613,0.0708,0.00545,0.127,0.942,123,4,punk,1977-09-16 00:00:00+00:00,1977,46,-2
2LawezPeJhN4AWuSB0GtAU,2LawezPeJhN4AWuSB0GtAU,creedence clearwater revival,creedence clearwater revival,have you ever seen the rain,have you ever seen the rain,creedence clearwater revival_have you ever seen the rain,0.697,116.109,0.741,rock,-7.028,0.133,0.774,4,0.0277,84,https://api.spotify.com/v1/tracks/2LawezPeJhN4AWuSB0GtAU,spotify:track:2LawezPeJhN4AWuSB0GtAU,Pendulum (Expanded Edition),1970-12-07T00:00:00Z,2.28e-05,372cMadhAGlNuDnc8TssqF,1,0,160133,0.0664,audio_features,spotifytracksdataset.zip,19200,creedence clearwater revival,creedence clearwater revival,pendulum (expanded edition),have you ever seen the rain,have you ever seen the rain,84,160133,False,0.741,0.697,0,-7.028,1,0.0277,0.0664,2.28e-05,0.133,0.774,116,4,country,1970-12-07 00:00:00+00:00,1970,53,0
2LawezPeJhN4AWuSB0GtAU,2LawezPeJhN4AWuSB0GtAU,creedence clearwater revival,creedence clearwater revival,have you ever seen the rain,have you ever seen the rain,creedence clearwater revival_have you ever seen the rain,0.697,116.109,0.741,rock,-7.028,0.133,0.774,4,0.0277,84,https://api.spotify.com/v1/tracks/2LawezPeJhN4AWuSB0GtAU,spotify:track:2LawezPeJhN4AWuSB0GtAU,Pendulum (Expanded Edition),1970-12-07T00:00:00Z,2.28e-05,372cMadhAGlNuDnc8TssqF,1,0,160133,0.0664,audio_features,spotifytracksdataset.zip,91406,creedence clearwater revival,creedence clearwater revival,pendulum (expanded edition),have you ever seen the rain,have you ever seen the rain,83,160133,False,0.741,0.697,0,-7.028,1,0.0277,0.0664,2.28e-05,0.133,0.774,116,4,rock,1970-12-07 00:00:00+00:00,1970,53,1
4alHo6RGd0D3OUbTPExTHN,4alHo6RGd0D3OUbTPExTHN,the cars,the cars,just what i needed,just what i needed,the cars_just what i needed,0.579,127.215,0.62,rock,-9.307,0.0858,0.691,4,0.0473,69,https://api.spotify.com/v1/tracks/4alHo6RGd0D3OUbTPExTHN,spotify:track:4alHo6RGd0D3OUbTPExTHN,The Cars,1978-06-06T00:00:00Z,6.4e-05,4tJPWT4r4FSKwy784Qs1Fq,1,4,225627,0.0152,audio_features,spotifytracksdataset.zip,47759,the cars,the cars,the cars,just what i needed,just what i needed,71,225626,False,0.619,0.579,4,-9.307,1,0.0473,0.0152,6.4e-05,0.0858,0.69,127,4,hard-rock,1978-06-06 00:00:00+00:00,1978,45,-2
4alHo6RGd0D3OUbTPExTHN,4alHo6RGd0D3OUbTPExTHN,the cars,the cars,just what i needed,just what i needed,the cars_just what i needed,0.579,127.215,0.62,rock,-9.307,0.0858,0.691,4,0.0473,69,https://api.spotify.com/v1/tracks/4alHo6RGd0D3OUbTPExTHN,spotify:track:4alHo6RGd0D3OUbTPExTHN,The Cars,1978-06-06T00:00:00Z,6.4e-05,4tJPWT4r4FSKwy784Qs1Fq,1,4,225627,0.0152,audio_features,spotifytracksdataset.zip,82068,the cars,the cars,the cars,just what i needed,just what i needed,71,225626,False,0.619,0.579,4,-9.307,1,0.0473,0.0152,6.4e-05,0.0858,0.69,127,4,power-pop,1978-06-06 00:00:00+00:00,1978,45,-2
59WN2psjkt1tyaxjspN8fp,59WN2psjkt1tyaxjspN8fp,rage against the machine,rage against the machine,killing in the name,killing in the name,rage against the machine_killing in the name,0.833,88.785,0.466,rock,-4.215,0.0327,0.661,4,0.304,78,https://api.spotify.com/v1/tracks/59WN2psjkt1tyaxjspN8fp,spotify:track:59WN2psjkt1tyaxjspN8fp,Rage Against The Machine - XX (20th Anniversary Special Edition),1992-01-01T00:00:00Z,0.0,4Io5vWtmV1rFj4yirKb4y4,1,7,313573,0.0266,audio_features,spotifytracksdataset.zip,2366,rage against the machine,rage against the machine,rage against the machine - xx (20th anniversary special edition),killing in the name,killing in the name,80,313573,True,0.466,0.833,7,-4.215,1,0.304,0.0266,0.0,0.0327,0.661,89,4,alt-rock,1992-01-01 00:00:00+00:00,1992,31,-2
59WN2psjkt1tyaxjspN8fp,59WN2psjkt1tyaxjspN8fp,rage against the machine,rage against the machine,killing in the name,killing in the name,rage against the machine_killing in the name,0.833,88.785,0.466,rock,-4.215,0.0327,0.661,4,0.304,78,https://api.spotify.com/v1/tracks/59WN2psjkt1tyaxjspN8fp,spotify:track:59WN2psjkt1tyaxjspN8fp,Rage Against The Machine - XX (20th Anniversary Special Edition),1992-01-01T00:00:00Z,0.0,4Io5vWtmV1rFj4yirKb4y4,1,7,313573,0.0266,audio_features,spotifytracksdataset.zip,3617,rage against the machine,rage against the machine,rage against the machine - xx (20th anniversary special edition),killing in the name,killing in the name,80,313573,True,0.466,0.833,7,-4.215,1,0.304,0.0266,0.0,0.0327,0.661,89,4,alternative,1992-01-01 00:00:00+00:00,1992,31,-2
59WN2psjkt1tyaxjspN8fp,59WN2psjkt1tyaxjspN8fp,rage against the machine,rage against the machine,killing in the name,killing in the name,rage against the machine_killing in the name,0.833,88.785,0.466,rock,-4.215,0.0327,0.661,4,0.304,78,https://api.spotify.com/v1/tracks/59WN2psjkt1tyaxjspN8fp,spotify:track:59WN2psjkt1tyaxjspN8fp,Rage Against The Machine - XX (20th Anniversary Special Edition),1992-01-01T00:00:00Z,0.0,4Io5vWtmV1rFj4yirKb4y4,1,7,313573,0.0266,audio_features,spotifytracksdataset.zip,37457,rage against the machine,rage against the machine,rage against the machine - xx (20th anniversary special edition),killing in the name,killing in the name,80,313573,True,0.466,0.833,7,-4.215,1,0.304,0.0266,0.0,0.0327,0.661,89,4,funk,1992-01-01 00:00:00+00:00,1992,31,-2
59WN2psjkt1tyaxjspN8fp,59WN2psjkt1tyaxjspN8fp,rage against the machine,rage against the machine,killing in the name,killing in the name,rage against the machine_killing in the name,0.833,88.785,0.466,rock,-4.215,0.0327,0.661,4,0.304,78,https://api.spotify.com/v1/tracks/59WN2psjkt1tyaxjspN8fp,spotify:track:59WN2psjkt1tyaxjspN8fp,Rage Against The Machine - XX (20th Anniversary Special Edition),1992-01-01T00:00:00Z,0.0,4Io5vWtmV1rFj4yirKb4y4,1,7,313573,0.0266,audio_features,spotifytracksdataset.zip,71227,rage against the machine,rage against the machine,rage against the machine - xx (20th anniversary special edition),killing in the name,killing in the name,80,313573,True,0.466,0.833,7,-4.215,1,0.304,0.0266,0.0,0.0327,0.661,89,4,metal,1992-01-01 00:00:00+00:00,1992,31,-2
2EqlS6tkEnglzr7tkKAAYD,2EqlS6tkEnglzr7tkKAAYD,the beatles,the beatles,come together - remastered 2009,come together  remastered 2009,the beatles_come together  remastered 2009,0.376,164.775,0.53,rock,-11.913,0.0926,0.188,4,0.04,75,https://api.spotify.com/v1/tracks/2EqlS6tkEnglzr7tkKAAYD,spotify:track:2EqlS6tkEnglzr7tkKAAYD,Abbey Road (Remastered),1969-09-26T00:00:00Z,0.247,0ETFjACtuP2ADo6LFhL6HN,0,9,259947,0.0304,audio_features,spotifytracksdataset.zip,11055,the beatles,the beatles,abbey road (remastered),come together - remastered 2009,come together remastered 2009,77,259946,False,0.533,0.376,9,-11.913,0,0.0393,0.0302,0.248,0.0926,0.187,165,4,british,1969-09-26 00:00:00+00:00,1969,54,-2
2EqlS6tkEnglzr7tkKAAYD,2EqlS6tkEnglzr7tkKAAYD,the beatles,the beatles,come together - remastered 2009,come together  remastered 2009,the beatles_come together  remastered 2009,0.376,164.775,0.53,rock,-11.913,0.0926,0.188,4,0.04,75,https://api.spotify.com/v1/tracks/2EqlS6tkEnglzr7tkKAAYD,spotify:track:2EqlS6tkEnglzr7tkKAAYD,Abbey Road (Remastered),1969-09-26T00:00:00Z,0.247,0ETFjACtuP2ADo6LFhL6HN,0,9,259947,0.0304,audio_features,spotifytracksdataset.zip,84106,the beatles,the beatles,abbey road (remastered),come together - remastered 2009,come together remastered 2009,77,259946,False,0.533,0.376,9,-11.913,0,0.0393,0.0302,0.248,0.0926,0.187,165,4,psych-rock,1969-09-26 00:00:00+00:00,1969,54,-2
4DMKwE2E2iYDKY01C335Uw,4DMKwE2E2iYDKY01C335Uw,kansas,kansas,carry on wayward son,carry on wayward son,kansas_carry on wayward son,0.786,126.755,0.482,rock,-5.735,0.446,0.793,4,0.032,73,https://api.spotify.com/v1/tracks/4DMKwE2E2iYDKY01C335Uw,spotify:track:4DMKwE2E2iYDKY01C335Uw,Leftoverture (Expanded Edition),1976-01-01T00:00:00Z,8.88e-05,7MejfRSNnrpcLZIxkeZDqR,1,7,323000,0.00321,audio_features,spotifytracksdataset.zip,47210,kansas,kansas,leftoverture (expanded edition),carry on wayward son,carry on wayward son,76,323000,False,0.482,0.786,7,-5.735,1,0.032,0.00321,8.88e-05,0.446,0.793,127,4,hard-rock,1976-01-01 00:00:00+00:00,1976,47,-3
1FTSo4v6BOZH9QxKc3MbVM,1FTSo4v6BOZH9QxKc3MbVM,blur,blur,song 2 - 2012 remaster,song 2  2012 remaster,blur_song 2  2012 remaster,0.789,129.802,0.674,rock,-6.903,0.0753,0.918,4,0.0676,78,https://api.spotify.com/v1/tracks/1FTSo4v6BOZH9QxKc3MbVM,spotify:track:1FTSo4v6BOZH9QxKc3MbVM,Blur (Special Edition),1997-02-10T00:00:00Z,0.00708,7HvIrSkKGJCzd8AKyjTJ6Q,1,8,121160,0.00178,audio_features,spotifytracksdataset.zip,2619,blur,blur,blur (special edition),song 2 - 2012 remaster,song 2 2012 remaster,78,121160,False,0.674,0.789,8,-6.903,1,0.0676,0.00178,0.00708,0.0753,0.918,130,4,alt-rock,1997-02-10 00:00:00+00:00,1997,26,0
7wCmS9TTVUcIhRalDYFgPy,7wCmS9TTVUcIhRalDYFgPy,pixies,pixies,where is my mind? - 2007 remaster,where is my mind  2007 remaster,pixies_where is my mind  2007 remaster,0.441,81.334,0.519,rock,-14.178,0.076,0.25,4,0.0353,76,https://api.spotify.com/v1/tracks/7wCmS9TTVUcIhRalDYFgPy,spotify:track:7wCmS9TTVUcIhRalDYFgPy,Surfer Rosa (2007 Remaster),1988-03-21T00:00:00Z,0.000453,50j4Wm1b9hLpSpPIA39Vp9,1,4,234973,0.0204,audio_features,spotifytracksdataset.zip,2311,pixies,pixies,surfer rosa,where is my mind? - remastered,where is my mind remastered,79,234973,False,0.519,0.441,4,-14.178,1,0.0353,0.0204,0.000453,0.076,0.25,81,4,alt-rock,1988-03-21 00:00:00+00:00,1988,35,-3
7wCmS9TTVUcIhRalDYFgPy,7wCmS9TTVUcIhRalDYFgPy,pixies,pixies,where is my mind? - 2007 remaster,where is my mind  2007 remaster,pixies_where is my mind  2007 remaster,0.441,81.334,0.519,rock,-14.178,0.076,0.25,4,0.0353,76,https://api.spotify.com/v1/tracks/7wCmS9TTVUcIhRalDYFgPy,spotify:track:7wCmS9TTVUcIhRalDYFgPy,Surfer Rosa (2007 Remaster),1988-03-21T00:00:00Z,0.000453,50j4Wm1b9hLpSpPIA39Vp9,1,4,234973,0.0204,audio_features,spotifytracksdataset.zip,3560,pixies,pixies,surfer rosa,where is my mind? - remastered,where is my mind remastered,79,234973,False,0.519,0.441,4,-14.178,1,0.0353,0.0204,0.000453,0.076,0.25,81,4,alternative,1988-03-21 00:00:00+00:00,1988,35,-3
39shmbIHICJ2Wxnk1fPSdz,39shmbIHICJ2Wxnk1fPSdz,the clash,the clash,should i stay or should i go - remastered,should i stay or should i go  remastered,the clash_should i stay or should i go  remastered,0.836,113.375,0.743,rock,-6.465,0.384,0.82,4,0.116,80,https://api.spotify.com/v1/tracks/39shmbIHICJ2Wxnk1fPSdz,spotify:track:39shmbIHICJ2Wxnk1fPSdz,Combat Rock (Remastered),1982-01-01T00:00:00Z,0.0,1ZH5g1RDq3GY1OvyD0w0s2,1,2,188987,0.0804,audio_features,spotifytracksdataset.zip,85061,the clash,the clash,combat rock (remastered),should i stay or should i go - remastered,should i stay or should i go remastered,80,188986,False,0.743,0.836,2,-6.465,1,0.116,0.0804,0.0,0.384,0.82,113,4,punk-rock,1982-01-01 00:00:00+00:00,1982,41,0
39shmbIHICJ2Wxnk1fPSdz,39shmbIHICJ2Wxnk1fPSdz,the clash,the clash,should i stay or should i go - remastered,should i stay or should i go  remastered,the clash_should i stay or should i go  remastered,0.836,113.375,0.743,rock,-6.465,0.384,0.82,4,0.116,80,https://api.spotify.com/v1/tracks/39shmbIHICJ2Wxnk1fPSdz,spotify:track:39shmbIHICJ2Wxnk1fPSdz,Combat Rock (Remastered),1982-01-01T00:00:00Z,0.0,1ZH5g1RDq3GY1OvyD0w0s2,1,2,188987,0.0804,audio_features,spotifytracksdataset.zip,86105,the clash,the clash,combat rock (remastered),should i stay or should i go - remastered,should i stay or should i go remastered,80,188986,False,0.743,0.836,2,-6.465,1,0.116,0.0804,0.0,0.384,0.82,113,4,punk,1982-01-01 00:00:00+00:00,1982,41,0
39shmbIHICJ2Wxnk1fPSdz,39shmbIHICJ2Wxnk1fPSdz,the clash,the clash,should i stay or should i go - remastered,should i stay or should i go  remastered,the clash_should i stay or should i go  remastered,0.836,113.375,0.743,rock,-6.465,0.384,0.82,4,0.116,80,https://api.spotify.com/v1/tracks/39shmbIHICJ2Wxnk1fPSdz,spotify:track:39shmbIHICJ2Wxnk1fPSdz,Combat Rock (Remastered),1982-01-01T00:00:00Z,0.0,1ZH5g1RDq3GY1OvyD0w0s2,1,2,188987,0.0804,audio_features,spotifytracksdataset.zip,85061,the clash,the clash,combat rock (remastered),should i stay or should i go - remastered,should i stay or should i go remastered,80,188986,False,0.743,0.836,2,-6.465,1,0.116,0.0804,0.0,0.384,0.82,113,4,punk-rock,1982-01-01 00:00:00+00:00,1982,41,0
39shmbIHICJ2Wxnk1fPSdz,39shmbIHICJ2Wxnk1fPSdz,the clash,the clash,should i stay or should i go - remastered,should i stay or should i go  remastered,the clash_should i stay or should i go  remastered,0.836,113.375,0.743,rock,-6.465,0.384,0.82,4,0.116,80,https://api.spotify.com/v1/tracks/39shmbIHICJ2Wxnk1fPSdz,spotify:track:39shmbIHICJ2Wxnk1fPSdz,Combat Rock (Remastered),1982-01-01T00:00:00Z,0.0,1ZH5g1RDq3GY1OvyD0w0s2,1,2,188987,0.0804,audio_features,spotifytracksdataset.zip,86105,the clash,the clash,combat rock (remastered),should i stay or should i go - remastered,should i stay or should i go remastered,80,188986,False,0.743,0.836,2,-6.465,1,0.116,0.0804,0.0,0.384,0.82,113,4,punk,1982-01-01 00:00:00+00:00,1982,41,0
1qRA5BS78u3gME0loMl9AA,1qRA5BS78u3gME0loMl9AA,buffalo springfield,buffalo springfield,for what it's worth,for what its worth,buffalo springfield_for what its worth,0.519,98.883,0.653,rock,-10.164,0.101,0.822,4,0.0497,76,https://api.spotify.com/v1/tracks/1qRA5BS78u3gME0loMl9AA,spotify:track:1qRA5BS78u3gME0loMl9AA,Buffalo Springfield,1966-12-05T00:00:00Z,0.0209,3PkdGRruLnJ9zCtANiDrpB,1,2,153693,0.406,audio_features,spotifytracksdataset.zip,8309,buffalo springfield,buffalo springfield,buffalo springfield,for what it's worth,for what its worth,78,153693,False,0.653,0.519,2,-10.164,1,0.0497,0.406,0.0209,0.101,0.822,99,4,blues,1966-12-05 00:00:00+00:00,1966,57,-2
